-1001515812972
-1001341539429
-1001728558528
-1001441174367
-1001545483802
-1001901592139
-1001724337713
-1001945309702
-1001527317789
-1001376968998
-1001902360936
-1001369739489
-1001363414411
-1001625639759
-1001286473797
-1001687199609
-1002060897480
-1002066254327
-1001976519716
-1002178340194
-1001505780126
-1001444850773
-1001425152065
-1001804199224
-1001418967048
-1001612545197
-1001486646056
-1001978607583
-1001220483582
-1001695151116
-1001891336779
-1001548237779
-1001942307198
-1001710054598
-1001898212907
-1001555472297
-1001248819122
-1001731243789
-1001882915574
-1001876591816
-1001219330511
-1001151400851
-1001434185143
-1001776653386
-1001826477967
-1001497218938
-1001799737850
-1001479210114
-1001889498264
-1001755613752
-1002052287634
-1001151527755
-1001640434189
-1001640191935
-1001886574657
-1001576607043
-1001985690920
-1001416777236
-1001668592126
-1001503510474
-1001773416654
-1001856479955
-1001858008881
-1001582783575
-1001354237196
-1001749468508
-1001348583024
-1001704925789
-1001655991214
-1001778593556
-1001305197062
-1001765993121
-1001128026065
-1001544414192