-1001128132475
-1001140563558
-1001174334259
-1001199734882
-1001201813681
-1001210416121
-1001221184653
-1001229591569
-1001237389574
-1001247633132
-1001248819122
-1001252132052
-1001260467562
-1001266742232
-1001266787943
-1001269242342
-1001272586182
-1001274135781
-1001275212217
-1001283689120
-1001283728196
-1001284726538
-1001286473797
-1001301093493
-1001301616226
-1001301896502
-1001306840955
-1001318466170
-1001322122553
-1001338886312
-1001340531263
-1001346422714
-1001352251971
-1001355636382
-1001356688328
-1001372777727
-1001377403127
-1001399507942
-1001399770426
-1001404812067
-1001405540555
-1001407411971
-1001415205050
-1001415229329
-1001437549574
-1001439097256
-1001452501660
-1001454526869
-1001457403682
-1001459152940
-1001459593094
-1001478893143
-1001482587086
-1001483045422
-1001485523404
-1001492323556
-1001496998582
-1001497220926
-1001505780126
-1001512042143
-1001537773512
-1001552449592
-1001572041315
-1001574743916
-1001580585973
-1001596474384
-1001625639759
-1001648878891
-1001668592126
-1001684845405
-1001687013233
-1001691829471
-1001695411572
-1001705412625
-1001715165127
-1001725024991
-1001728558528
-1001749468508
-1001755613752
-1001798296599
-1001856479955
-1001880131507
-1001882889958
-1001889498264
-1001895909404
-1001901592139
-1001902360936
-1002052287634
