-1001128026065
-1001128132475
-1001140563558
-1001151400851
-1001151527755
-1001174334259
-1001199734882
-1001201813681
-1001210416121
-1001219330511
-1001220483582
-1001221184653
-1001229591569
-1001237389574
-1001247633132
-1001248819122
-1001252132052
-1001260467562
-1001266742232
-1001266787943
-1001269242342
-1001272586182
-1001274135781
-1001275212217
-1001283689120
-1001283728196
-1001286473797
-1001301093493
-1001301616226
-1001301896502
-1001305197062
-1001306840955
-1001318466170
-1001322122553
-1001338886312
-1001340531263
-1001341539429
-1001346422714
-1001348583024
-1001352251971
-1001354237196
-1001355636382
-1001356688328
-1001363414411
-1001369739489
-1001372777727
-1001376968998
-1001377403127
-1001399507942
-1001399770426
-1001404812067
-1001405540555
-1001407411971
-1001415205050
-1001415229329
-1001416777236
-1001418967048
-1001425152065
-1001434185143
-1001437549574
-1001439097256
-1001441174367
-1001444850773
-1001452501660
-1001454526869
-1001457403682
-1001459152940
-1001459593094
-1001478893143
-1001479210114
-1001482587086
-1001483045422
-1001485523404
-1001486646056
-1001492323556
-1001496998582
-1001497218938
-1001497220926
-1001503510474
-1001505780126
-1001512042143
-1001515812972
-1001527317789
-1001537773512
-1001544414192
-1001545483802
-1001548237779
-1001552449592
-1001555472297
-1001572041315
-1001574743916
-1001576607043
-1001580585973
-1001582783575
-1001596474384
-1001612545197
-1001625639759
-1001640191935
-1001640434189
-1001648878891
-1001655991214
-1001668592126
-1001684845405
-1001687013233
-1001687199609
-1001691829471
-1001695151116
-1001695411572
-1001704925789
-1001705412625
-1001710054598
-1001715165127
-1001724337713
-1001725024991
-1001728558528
-1001731243789
-1001749468508
-1001755613752
-1001765993121
-1001773416654
-1001776653386
-1001778593556
-1001798296599
-1001799737850
-1001804199224
-1001826477967
-1001856479955
-1001858008881
-1001876591816
-1001880131507
-1001882889958
-1001882915574
-1001886574657
-1001889498264
-1001891336779
-1001895909404
-1001898212907
-1001901592139
-1001902360936
-1001942307198
-1001945309702
-1001976519716
-1001978607583
-1001985690920
-1002052287634
-1002060897480
-1002066254327
-1002178340194
